3 
214.000000 119.000000 136.000000 0.000000 
213.000000 120.000000 136.000000 0.000000 
216.000000 120.000000 137.000000 0.000000 
217.000000 120.000000 137.000000 0.000000 
218.000000 120.000000 137.000000 0.000000 
214.000000 121.000000 137.000000 0.000000 
215.000000 121.000000 137.000000 0.000000 
216.000000 121.000000 137.000000 0.000000 
217.000000 121.000000 137.000000 0.000000 
212.000000 122.000000 137.000000 0.000000 
213.000000 122.000000 137.000000 0.000000 
214.000000 122.000000 137.000000 0.000000 
215.000000 122.000000 137.000000 0.000000 
216.000000 122.000000 137.000000 0.000000 
210.000000 123.000000 137.000000 0.000000 
211.000000 123.000000 137.000000 0.000000 
212.000000 123.000000 137.000000 0.000000 
213.000000 123.000000 137.000000 0.000000 
214.000000 123.000000 137.000000 0.000000 
215.000000 123.000000 137.000000 0.000000 
226.000000 123.000000 138.000000 0.000000 
227.000000 123.000000 138.000000 0.000000 
228.000000 123.000000 138.000000 0.000000 
209.000000 124.000000 137.000000 0.000000 
210.000000 124.000000 137.000000 0.000000 
211.000000 124.000000 137.000000 0.000000 
212.000000 124.000000 137.000000 0.000000 
213.000000 124.000000 137.000000 0.000000 
214.000000 124.000000 137.000000 0.000000 
215.000000 124.000000 138.000000 0.000000 
216.000000 124.000000 138.000000 0.000000 
225.000000 124.000000 138.000000 0.000000 
226.000000 124.000000 138.000000 0.000000 
227.000000 124.000000 138.000000 0.000000 
228.000000 124.000000 138.000000 0.000000 
229.000000 124.000000 138.000000 0.000000 
208.000000 125.000000 137.000000 0.000000 
209.000000 125.000000 137.000000 0.000000 
210.000000 125.000000 137.000000 0.000000 
211.000000 125.000000 137.000000 0.000000 
212.000000 125.000000 138.000000 0.000000 
213.000000 125.000000 138.000000 0.000000 
214.000000 125.000000 138.000000 0.000000 
215.000000 125.000000 138.000000 0.000000 
216.000000 125.000000 138.000000 0.000000 
224.000000 125.000000 138.000000 0.000000 
225.000000 125.000000 138.000000 0.000000 
226.000000 125.000000 138.000000 0.000000 
227.000000 125.000000 138.000000 0.000000 
209.000000 126.000000 138.000000 0.000000 
210.000000 126.000000 138.000000 0.000000 
211.000000 126.000000 138.000000 0.000000 
212.000000 126.000000 138.000000 0.000000 
213.000000 126.000000 138.000000 0.000000 
214.000000 126.000000 138.000000 0.000000 
215.000000 126.000000 138.000000 0.000000 
223.000000 126.000000 138.000000 0.000000 
208.000000 127.000000 138.000000 0.000000 
209.000000 127.000000 138.000000 0.000000 
210.000000 127.000000 138.000000 0.000000 
211.000000 127.000000 138.000000 0.000000 
212.000000 127.000000 138.000000 0.000000 
213.000000 127.000000 138.000000 0.000000 
214.000000 127.000000 138.000000 0.000000 
208.000000 128.000000 138.000000 0.000000 
209.000000 128.000000 138.000000 0.000000 
210.000000 128.000000 138.000000 0.000000 
211.000000 128.000000 138.000000 0.000000 
212.000000 128.000000 138.000000 0.000000 
213.000000 128.000000 138.000000 0.000000 
214.000000 128.000000 138.000000 0.000000 
209.000000 129.000000 138.000000 0.000000 
210.000000 129.000000 138.000000 0.000000 
211.000000 129.000000 138.000000 0.000000 
212.000000 129.000000 138.000000 0.000000 
213.000000 129.000000 138.000000 0.000000 
